4294967294,0
4294967278,132
4294967278,131
4294967278,130
4294967278,129
4294967278,128
4294967278,127
4294967278,126
4294967278,125
4294967278,124
4294967278,123
4294967278,122
4294967278,121
4294967278,120
4294967278,119
4294967278,118
4294967278,117
4294967278,116
4294967278,115
4294967278,114
4294967278,113
4294967278,112
4294967278,111
4294967278,110
4294967278,109
4294967278,108
4294967278,107
4294967278,106
4294967278,105
4294967278,104
4294967278,103
4294967278,102
4294967278,101
4294967278,100
4294967278,99
4294967278,98
4294967278,97
4294967278,96
4294967278,95
4294967278,94
4294967278,93
4294967278,92
4294967278,91
4294967278,90
4294967278,89
4294967278,87
4294967278,86
4294967278,277
4294967278,85
4294967278,84
4294967278,83
4294967278,82
4294967278,81
4294967278,80
4294967278,79
4294967278,78
4294967278,77
4294967278,76
4294967278,75
4294967278,74
4294967278,73
4294967278,72
4294967278,71
4294967278,70
4294967278,69
4294967278,68
4294967278,67
4294967278,66
4294967278,65
4294967278,64
4294967278,63
4294967278,62
4294967278,61
4294967278,60
4294967278,59
4294967278,58
4294967278,57
4294967278,56
4294967278,55
4294967278,54
4294967278,53
4294967278,52
4294967278,51
4294967278,50
4294967278,49
4294967278,48
4294967278,47
4294967278,46
4294967278,45
4294967278,44
4294967278,43
4294967278,42
4294967278,41
4294967278,40
4294967278,39
4294967278,38
4294967278,37
4294967279,174
4294967279,2
4294967279,0
4294967279,260
4294967279,23
4294967279,21
4294967279,17
4294967279,15
4294967279,14
4294967279,12
4294967279,10
4294967279,9
4294967279,8
4294967279,7
4294967279,6
4294967279,5
4294967279,4
4294967294,5
4294967294,30
4294967294,61
4294967294,12
4294967294,14
4294967294,67
4294967294,1035
4294967294,82
4294967294,11
4294967294,68
4294967279,537
4294967278,342
4294967278,341
4294967294,1423
4294967279,536
4294967279,535
31,6
31,5
31,4
31,3
31,2
31,1
4294967279,534
4294967278,340
4294967279,533
4294967278,339
4294967279,532
4294967278,338
4294967279,531
4294967278,337
4294967278,336
4294967279,530
4294967279,529
28,6
28,5
28,4
28,3
28,2
28,1
4294967279,528
4294967279,527
4294967278,335
4294967278,334
4294967278,333
4294967279,526
4294967278,332
4294967279,525
4294967278,331
4294967279,524
4294967278,330
4294967278,329
4294967278,328
4294967279,523
25,5
25,4
25,3
25,2
25,1
4294967278,327
4294967278,326
4294967279,522
4294967279,521
4294967279,520
4294967279,519
4294967279,518
23,8
23,7
23,6
23,5
23,4
23,3
23,2
23,1
4294967278,325
4294967278,324
4294967279,517
4294967278,323
4294967279,516
4294967278,322
4294967278,321
4294967278,320
4294967279,515
4294967278,319
4294967278,318
4294967279,514
4294967278,317
4294967279,513
4294967278,316
4294967279,512
4294967278,315
4294967278,314
4294967278,313
4294967278,312
4294967294,475
4294967278,311
4294967278,310
4294967279,136
4294967278,309
4294967279,133
18,6
18,5
18,4
18,3
18,2
18,1
4294967279,319
4294967279,318
4294967278,308
4294967279,317
4294967278,307
4294967279,316
4294967278,306
4294967279,315
4294967278,305
4294967279,314
4294967278,304
4294967278,303
4294967279,313
4294967278,302
4294967279,312
4294967278,301
4294967279,311
4294967278,300
4294967279,310
4294967278,299
4294967279,309
15,6
15,5
15,4
15,3
15,2
15,1
4294967279,308
4294967279,307
4294967278,298
4294967279,306
4294967278,297
4294967279,305
4294967278,296
4294967279,304
4294967278,295
4294967279,303
4294967278,294
4294967278,293
12,4
12,3
12,2
12,1
4294967278,292
4294967294,989
4294967279,302
4294967279,301
11,6
4294967279,300
4294967279,299
11,5
11,4
11,3
11,2
11,1
4294967279,298
4294967294,474
4294967278,291
4294967278,290
10,5
10,4
10,3
10,2
10,1
4294967278,289
9,4
9,3
9,2
9,1
4294967279,297
4294967294,1422
4294967294,1421
4294967294,437
4294967294,1038
4294967279,296
4294967279,295
8,5
8,4
8,3
8,2
8,1
4294967279,294
4294967294,1420
4294967278,288
7,4
7,3
7,2
7,1
4294967278,287
4294967294,187
6,4
6,3
6,2
6,1
4294967279,293
4294967294,1016
